The Mach number: 0.7
The cruise altitude in m: 10000.0
Take-off weight in N: 1597014.81
Empty weight in N: 789576.73
Wing weight in N: 176098.67
Fuselage weight in N: 89890.19
Empennage weight in N: 26313.41
Nacelle weight in N: 27148.28
Engine weight in N: 156890.4
Landing gear weight in N: 38947.69
Fixed equipmentweight in N: 268721.44
Propulsion system weight in N: 162457.04
Payload weight in N: 508587.17
Fuel weight in N: 298850.92
Thrust in N: 417665.9
Cl_cruise: 0.748
Cd cruise: 0.045
Cruise density in kg/m^3: 0.32
Cd zero: 0.0184
Lift over drag: 16.48
Cruise speed in m/s: 209.6
The ultimate load factor: 4.62
The ultimate load factor speed in m/s: 260.22
Span in m: 44.17
Surface area in m^2: 229.49
The length of the fuselage in m: 49.67355719646336
Root chord in m: 7.42
Tip chord in m: 2.97
The leading edge sweep in degrees: 2.89
The taper ratio: 0.4
Dihedral angle: 0.02
Fuselage dimensions: [5.461542043940136, 10.10385278128925, 37.44, 18.023088745002447, 5.461542043940136, 10.10385278128925, 37.44, 18.023088745002447, 5.461542043940136, 10.10385278128925, 37.44, 18.023088745002447, 5.461542043940136, 10.10385278128925, 37.44, 18.023088745002447, 5.461542043940136, 10.10385278128925, 37.44, 18.023088745002447, 5.461542043940136, 10.10385278128925, 37.44, 18.023088745002447, 5.461542043940136, 10.10385278128925, 37.44, 18.023088745002447, 5.461542043940136, 10.10385278128925, 37.44, 18.023088745002447, 5.461542043940136, 10.10385278128925, 37.44, 18.023088745002447, 5.461542043940136, 10.10385278128925, 37.44, 18.023088745002447, 5.461542043940136, 10.10385278128925, 37.44, 18.023088745002447, 5.461542043940136, 10.10385278128925, 37.44, 18.023088745002447, 5.461542043940136, 10.10385278128925, 37.44, 18.023088745002447, 5.461542043940136, 10.10385278128925, 37.44, 18.023088745002447, 5.461542043940136, 10.10385278128925, 37.44, 18.023088745002447, 5.461542043940136, 10.10385278128925, 37.44, 18.023088745002447, 5.461542043940136, 10.10385278128925, 37.44, 18.023088745002447, 5.461542043940136, 10.10385278128925, 37.44, 18.023088745002447, 5.461542043940136, 10.10385278128925, 37.44, 18.023088745002447, 5.461542043940136, 10.10385278128925, 37.44, 18.023088745002447, 5.461542043940136, 10.10385278128925, 37.44, 18.023088745002447, 5.461542043940136, 10.10385278128925, 37.44, 18.023088745002447, 5.461542043940136, 10.10385278128925, 37.44, 18.023088745002447, 5.461542043940136, 10.10385278128925, 37.44, 18.023088745002447, 5.461542043940136, 10.10385278128925, 37.44, 18.023088745002447, 5.461542043940136, 10.10385278128925, 37.44, 18.023088745002447, 5.461542043940136, 10.10385278128925, 37.44, 18.023088745002447, 5.461542043940136, 10.10385278128925, 37.44, 18.023088745002447, 5.461542043940136, 10.10385278128925, 37.44, 18.023088745002447, 5.461542043940136, 10.10385278128925, 37.44, 18.023088745002447, 5.461542043940136, 10.10385278128925, 37.44, 18.023088745002447, 5.461542043940136, 10.10385278128925, 37.44, 18.023088745002447, 5.461542043940136, 10.10385278128925, 37.44, 18.023088745002447, 5.461542043940136, 10.10385278128925, 37.44, 18.023088745002447, 5.461542043940136, 10.10385278128925, 37.44, 18.023088745002447, 5.461542043940136, 10.10385278128925, 37.44, 18.023088745002447, 5.461542043940136, 10.10385278128925, 37.44, 18.023088745002447, 5.461542043940136, 10.10385278128925, 37.44, 18.023088745002447, 5.461542043940136, 10.10385278128925, 37.44, 18.023088745002447, 5.461542043940136, 10.10385278128925, 37.44, 18.023088745002447, 5.461542043940136, 10.10385278128925, 37.44, 18.023088745002447, 5.461542043940136, 10.10385278128925, 37.44, 18.023088745002447, 5.461542043940136, 10.10385278128925, 37.44, 18.023088745002447, 5.461542043940136, 10.10385278128925, 37.44, 18.023088745002447, 5.461542043940136, 10.10385278128925, 37.44, 18.023088745002447, 5.461542043940136, 10.10385278128925, 37.44, 18.023088745002447, 5.461542043940136, 10.10385278128925, 37.44, 18.023088745002447, 5.461542043940136, 10.10385278128925, 37.44, 18.023088745002447, 5.461542043940136, 10.10385278128925, 37.44, 18.023088745002447, 5.461542043940136, 10.10385278128925, 37.44, 18.023088745002447, 5.461542043940136, 10.10385278128925, 37.44, 18.023088745002447, 5.461542043940136, 10.10385278128925, 37.44, 18.023088745002447, 5.461542043940136, 10.10385278128925, 37.44, 18.023088745002447, 5.461542043940136, 10.10385278128925, 37.44, 18.023088745002447, 5.461542043940136, 10.10385278128925, 37.44, 18.023088745002447, 5.461542043940136, 10.10385278128925, 37.44, 18.023088745002447, 5.461542043940136, 10.10385278128925, 37.44, 18.023088745002447, 5.461542043940136, 10.10385278128925, 37.44, 18.023088745002447, 5.461542043940136, 10.10385278128925, 37.44, 18.023088745002447, 5.461542043940136, 10.10385278128925, 37.44, 18.023088745002447, 5.461542043940136, 10.10385278128925, 37.44, 18.023088745002447, 5.461542043940136, 10.10385278128925, 37.44, 18.023088745002447, 5.461542043940136, 10.10385278128925, 37.44, 18.023088745002447, 5.461542043940136, 10.10385278128925, 37.44, 18.023088745002447, 5.461542043940136, 10.10385278128925, 37.44, 18.023088745002447, 5.461542043940136, 10.10385278128925, 37.44, 18.023088745002447, 5.461542043940136, 10.10385278128925, 37.44, 18.023088745002447, 5.461542043940136, 10.10385278128925, 37.44, 18.023088745002447, 5.461542043940136, 10.10385278128925, 37.44, 18.023088745002447, 5.461542043940136, 10.10385278128925, 37.44, 18.023088745002447, 5.461542043940136, 10.10385278128925, 37.44, 18.023088745002447, 5.461542043940136, 10.10385278128925, 37.44, 18.023088745002447, 5.461542043940136, 10.10385278128925, 37.44, 18.023088745002447, 5.461542043940136, 10.10385278128925, 37.44, 18.023088745002447, 5.461542043940136, 10.10385278128925, 37.44, 18.023088745002447, 5.461542043940136, 10.10385278128925, 37.44, 18.023088745002447, 5.461542043940136, 10.10385278128925, 37.44, 18.023088745002447, 5.461542043940136, 10.10385278128925, 37.44, 18.023088745002447, 5.461542043940136, 10.10385278128925, 37.44, 18.023088745002447, 5.461542043940136, 10.10385278128925, 37.44, 18.023088745002447, 5.461542043940136, 10.10385278128925, 37.44, 18.023088745002447, 5.461542043940136, 10.10385278128925, 37.44, 18.023088745002447, 5.461542043940136, 10.10385278128925, 37.44, 18.023088745002447, 5.461542043940136, 10.10385278128925, 37.44, 18.023088745002447, 5.461542043940136, 10.10385278128925, 37.44, 18.023088745002447, 5.461542043940136, 10.10385278128925, 37.44, 18.023088745002447, 5.461542043940136, 10.10385278128925, 37.44, 18.023088745002447, 5.461542043940136, 10.10385278128925, 37.44, 18.023088745002447, 5.461542043940136, 10.10385278128925, 37.44, 18.023088745002447, 5.461542043940136, 10.10385278128925, 37.44, 18.023088745002447, 5.461542043940136, 10.10385278128925, 37.44, 18.023088745002447, 5.461542043940136, 10.10385278128925, 37.44, 18.023088745002447, 5.461542043940136, 10.10385278128925, 37.44, 18.023088745002447, 5.461542043940136, 10.10385278128925, 37.44, 18.023088745002447, 5.461542043940136, 10.10385278128925, 37.44, 18.023088745002447, 5.461542043940136, 10.10385278128925, 37.44, 18.023088745002447, 5.461542043940136, 10.10385278128925, 37.44, 18.023088745002447, 5.461542043940136, 10.10385278128925, 37.44, 18.023088745002447, 5.461542043940136, 10.10385278128925, 37.44, 18.023088745002447, 5.461542043940136, 10.10385278128925, 37.44, 18.023088745002447]
Thickness over chord: 0.14
Aspect ratio: 8.5
Oswald factor: 0.9
Number of engines: 2.0
Center of gravity locations in m: [19.86942288 44.70620148 19.86942288 -0.2        -0.2         2.20565004
 21.16964315 22.60128883  2.73077102]
