The Mach number: 0.7
The cruise altitude in m: 10000.0
Take-off weight in N: 1527439.83
Empty weight in N: 756107.92
Wing weight in N: 172589.3
Fuselage weight in N: 90220.46
Empennage weight in N: 23539.87
Nacelle weight in N: 25966.26
Engine weight in N: 137279.1
Landing gear weight in N: 37518.2
Fixed equipmentweight in N: 263761.02
Propulsion system weight in N: 142512.8
Payload weight in N: 508587.17
Fuel weight in N: 262744.74
Thrust in N: 399480.97
Cl_cruise: 0.748
Cd cruise: 0.038
Cruise density in kg/m^3: 0.32
Cd zero: 0.0189
Lift over drag: 19.748
Cruise speed in m/s: 209.6
The ultimate load factor: 5.22
The ultimate load factor speed in m/s: 273.02
Span in m: 55.43
Surface area in m^2: 219.5
The length of the fuselage in m: 49.67355719646336
Root chord in m: 5.66
Tip chord in m: 2.26
The leading edge sweep in degrees: 1.75
The taper ratio: 0.4
Dihedral angle: 0.02
Fuselage dimensions: [5.461542043940136, 10.10385278128925, 37.44, 18.023088745002447, 5.461542043940136, 10.10385278128925, 37.44, 18.023088745002447, 5.461542043940136, 10.10385278128925, 37.44, 18.023088745002447, 5.461542043940136, 10.10385278128925, 37.44, 18.023088745002447, 5.461542043940136, 10.10385278128925, 37.44, 18.023088745002447, 5.461542043940136, 10.10385278128925, 37.44, 18.023088745002447, 5.461542043940136, 10.10385278128925, 37.44, 18.023088745002447, 5.461542043940136, 10.10385278128925, 37.44, 18.023088745002447, 5.461542043940136, 10.10385278128925, 37.44, 18.023088745002447, 5.461542043940136, 10.10385278128925, 37.44, 18.023088745002447, 5.461542043940136, 10.10385278128925, 37.44, 18.023088745002447, 5.461542043940136, 10.10385278128925, 37.44, 18.023088745002447, 5.461542043940136, 10.10385278128925, 37.44, 18.023088745002447, 5.461542043940136, 10.10385278128925, 37.44, 18.023088745002447, 5.461542043940136, 10.10385278128925, 37.44, 18.023088745002447, 5.461542043940136, 10.10385278128925, 37.44, 18.023088745002447, 5.461542043940136, 10.10385278128925, 37.44, 18.023088745002447, 5.461542043940136, 10.10385278128925, 37.44, 18.023088745002447, 5.461542043940136, 10.10385278128925, 37.44, 18.023088745002447, 5.461542043940136, 10.10385278128925, 37.44, 18.023088745002447, 5.461542043940136, 10.10385278128925, 37.44, 18.023088745002447, 5.461542043940136, 10.10385278128925, 37.44, 18.023088745002447, 5.461542043940136, 10.10385278128925, 37.44, 18.023088745002447, 5.461542043940136, 10.10385278128925, 37.44, 18.023088745002447, 5.461542043940136, 10.10385278128925, 37.44, 18.023088745002447, 5.461542043940136, 10.10385278128925, 37.44, 18.023088745002447, 5.461542043940136, 10.10385278128925, 37.44, 18.023088745002447, 5.461542043940136, 10.10385278128925, 37.44, 18.023088745002447, 5.461542043940136, 10.10385278128925, 37.44, 18.023088745002447, 5.461542043940136, 10.10385278128925, 37.44, 18.023088745002447, 5.461542043940136, 10.10385278128925, 37.44, 18.023088745002447, 5.461542043940136, 10.10385278128925, 37.44, 18.023088745002447, 5.461542043940136, 10.10385278128925, 37.44, 18.023088745002447, 5.461542043940136, 10.10385278128925, 37.44, 18.023088745002447, 5.461542043940136, 10.10385278128925, 37.44, 18.023088745002447, 5.461542043940136, 10.10385278128925, 37.44, 18.023088745002447, 5.461542043940136, 10.10385278128925, 37.44, 18.023088745002447, 5.461542043940136, 10.10385278128925, 37.44, 18.023088745002447, 5.461542043940136, 10.10385278128925, 37.44, 18.023088745002447, 5.461542043940136, 10.10385278128925, 37.44, 18.023088745002447, 5.461542043940136, 10.10385278128925, 37.44, 18.023088745002447, 5.461542043940136, 10.10385278128925, 37.44, 18.023088745002447, 5.461542043940136, 10.10385278128925, 37.44, 18.023088745002447, 5.461542043940136, 10.10385278128925, 37.44, 18.023088745002447, 5.461542043940136, 10.10385278128925, 37.44, 18.023088745002447, 5.461542043940136, 10.10385278128925, 37.44, 18.023088745002447, 5.461542043940136, 10.10385278128925, 37.44, 18.023088745002447, 5.461542043940136, 10.10385278128925, 37.44, 18.023088745002447, 5.461542043940136, 10.10385278128925, 37.44, 18.023088745002447, 5.461542043940136, 10.10385278128925, 37.44, 18.023088745002447, 5.461542043940136, 10.10385278128925, 37.44, 18.023088745002447, 5.461542043940136, 10.10385278128925, 37.44, 18.023088745002447, 5.461542043940136, 10.10385278128925, 37.44, 18.023088745002447, 5.461542043940136, 10.10385278128925, 37.44, 18.023088745002447, 5.461542043940136, 10.10385278128925, 37.44, 18.023088745002447, 5.461542043940136, 10.10385278128925, 37.44, 18.023088745002447, 5.461542043940136, 10.10385278128925, 37.44, 18.023088745002447, 5.461542043940136, 10.10385278128925, 37.44, 18.023088745002447, 5.461542043940136, 10.10385278128925, 37.44, 18.023088745002447, 5.461542043940136, 10.10385278128925, 37.44, 18.023088745002447, 5.461542043940136, 10.10385278128925, 37.44, 18.023088745002447, 5.461542043940136, 10.10385278128925, 37.44, 18.023088745002447, 5.461542043940136, 10.10385278128925, 37.44, 18.023088745002447, 5.461542043940136, 10.10385278128925, 37.44, 18.023088745002447, 5.461542043940136, 10.10385278128925, 37.44, 18.023088745002447, 5.461542043940136, 10.10385278128925, 37.44, 18.023088745002447, 5.461542043940136, 10.10385278128925, 37.44, 18.023088745002447, 5.461542043940136, 10.10385278128925, 37.44, 18.023088745002447, 5.461542043940136, 10.10385278128925, 37.44, 18.023088745002447, 5.461542043940136, 10.10385278128925, 37.44, 18.023088745002447, 5.461542043940136, 10.10385278128925, 37.44, 18.023088745002447, 5.461542043940136, 10.10385278128925, 37.44, 18.023088745002447, 5.461542043940136, 10.10385278128925, 37.44, 18.023088745002447, 5.461542043940136, 10.10385278128925, 37.44, 18.023088745002447, 5.461542043940136, 10.10385278128925, 37.44, 18.023088745002447, 5.461542043940136, 10.10385278128925, 37.44, 18.023088745002447, 5.461542043940136, 10.10385278128925, 37.44, 18.023088745002447, 5.461542043940136, 10.10385278128925, 37.44, 18.023088745002447, 5.461542043940136, 10.10385278128925, 37.44, 18.023088745002447, 5.461542043940136, 10.10385278128925, 37.44, 18.023088745002447, 5.461542043940136, 10.10385278128925, 37.44, 18.023088745002447, 5.461542043940136, 10.10385278128925, 37.44, 18.023088745002447, 5.461542043940136, 10.10385278128925, 37.44, 18.023088745002447, 5.461542043940136, 10.10385278128925, 37.44, 18.023088745002447, 5.461542043940136, 10.10385278128925, 37.44, 18.023088745002447, 5.461542043940136, 10.10385278128925, 37.44, 18.023088745002447, 5.461542043940136, 10.10385278128925, 37.44, 18.023088745002447, 5.461542043940136, 10.10385278128925, 37.44, 18.023088745002447, 5.461542043940136, 10.10385278128925, 37.44, 18.023088745002447, 5.461542043940136, 10.10385278128925, 37.44, 18.023088745002447, 5.461542043940136, 10.10385278128925, 37.44, 18.023088745002447, 5.461542043940136, 10.10385278128925, 37.44, 18.023088745002447, 5.461542043940136, 10.10385278128925, 37.44, 18.023088745002447, 5.461542043940136, 10.10385278128925, 37.44, 18.023088745002447, 5.461542043940136, 10.10385278128925, 37.44, 18.023088745002447, 5.461542043940136, 10.10385278128925, 37.44, 18.023088745002447, 5.461542043940136, 10.10385278128925, 37.44, 18.023088745002447, 5.461542043940136, 10.10385278128925, 37.44, 18.023088745002447, 5.461542043940136, 10.10385278128925, 37.44, 18.023088745002447, 5.461542043940136, 10.10385278128925, 37.44, 18.023088745002447]
Thickness over chord: 0.14
Aspect ratio: 14
Oswald factor: 0.9
Number of engines: 2.0
Center of gravity locations in m: [19.86942288 44.70620148 19.86942288 -0.2        -0.2         1.68079826
 21.14608657 22.62510489  2.73077102]
