  1.000000 -0.000000
  0.999753  0.000072
  0.999013  0.000287
  0.997781  0.000644
  0.996057  0.001143
  0.993844  0.001782
  0.991144  0.002560
  0.987958  0.003473
  0.984292  0.004520
  0.980147  0.005698
  0.975528  0.007003
  0.970440  0.008431
  0.964888  0.009980
  0.958877  0.011644
  0.952414  0.013419
  0.945503  0.015302
  0.938153  0.017286
  0.930371  0.019367
  0.922164  0.021541
  0.913540  0.023801
  0.904508  0.026142
  0.895078  0.028559
  0.885257  0.031047
  0.875056  0.033600
  0.864484  0.036211
  0.853553  0.038877
  0.842274  0.041590
  0.830656  0.044346
  0.818712  0.047138
  0.806454  0.049961
  0.793893  0.052809
  0.781042  0.055677
  0.767913  0.058557
  0.754521  0.061445
  0.740877  0.064335
  0.726995  0.067221
  0.712890  0.070096
  0.698574  0.072955
  0.684062  0.075792
  0.669369  0.078600
  0.654508  0.081372
  0.639496  0.084104
  0.624345  0.086787
  0.609072  0.089416
  0.593691  0.091984
  0.578217  0.094484
  0.562667  0.096909
  0.547054  0.099253
  0.531395  0.101508
  0.515705  0.103667
  0.500000  0.105723
  0.484295  0.107669
  0.468605  0.109499
  0.452946  0.111204
  0.437333  0.112779
  0.421783  0.114216
  0.406309  0.115509
  0.390928  0.116652
  0.375655  0.117637
  0.360504  0.118460
  0.345492  0.119114
  0.330631  0.119594
  0.315938  0.119895
  0.301426  0.120013
  0.287110  0.119943
  0.273005  0.119682
  0.259123  0.119227
  0.245479  0.118576
  0.232087  0.117726
  0.218958  0.116675
  0.206107  0.115424
  0.193546  0.113971
  0.181288  0.112318
  0.169344  0.110464
  0.157726  0.108413
  0.146447  0.106165
  0.135516  0.103724
  0.124944  0.101093
  0.114743  0.098275
  0.104922  0.095275
  0.095492  0.092098
  0.086460  0.088748
  0.077836  0.085230
  0.069629  0.081551
  0.061847  0.077717
  0.054497  0.073733
  0.047586  0.069606
  0.041123  0.065341
  0.035112  0.060946
  0.029560  0.056426
  0.024472  0.051787
  0.019853  0.047035
  0.015708  0.042176
  0.012042  0.037215
  0.008856  0.032157
  0.006156  0.027007
  0.003943  0.021768
  0.002219  0.016445
  0.000987  0.011041
  0.000247  0.005559
  0.000000  0.000000
  0.000247 -0.005559
  0.000987 -0.011041
  0.002219 -0.016445
  0.003943 -0.021768
  0.006156 -0.027007
  0.008856 -0.032157
  0.012042 -0.037215
  0.015708 -0.042176
  0.019853 -0.047035
  0.024472 -0.051787
  0.029560 -0.056426
  0.035112 -0.060946
  0.041123 -0.065341
  0.047586 -0.069606
  0.054497 -0.073733
  0.061847 -0.077717
  0.069629 -0.081551
  0.077836 -0.085230
  0.086460 -0.088748
  0.095492 -0.092098
  0.104922 -0.095275
  0.114743 -0.098275
  0.124944 -0.101093
  0.135516 -0.103724
  0.146447 -0.106165
  0.157726 -0.108413
  0.169344 -0.110464
  0.181288 -0.112318
  0.193546 -0.113971
  0.206107 -0.115424
  0.218958 -0.116675
  0.232087 -0.117726
  0.245479 -0.118576
  0.259123 -0.119227
  0.273005 -0.119682
  0.287110 -0.119943
  0.301426 -0.120013
  0.315938 -0.119895
  0.330631 -0.119594
  0.345492 -0.119114
  0.360504 -0.118460
  0.375655 -0.117637
  0.390928 -0.116652
  0.406309 -0.115509
  0.421783 -0.114216
  0.437333 -0.112779
  0.452946 -0.111204
  0.468605 -0.109499
  0.484295 -0.107669
  0.500000 -0.105723
  0.515705 -0.103667
  0.531395 -0.101508
  0.547054 -0.099253
  0.562667 -0.096909
  0.578217 -0.094484
  0.593691 -0.091984
  0.609072 -0.089416
  0.624345 -0.086787
  0.639496 -0.084104
  0.654508 -0.081372
  0.669369 -0.078600
  0.684062 -0.075792
  0.698574 -0.072955
  0.712890 -0.070096
  0.726995 -0.067221
  0.740877 -0.064335
  0.754521 -0.061445
  0.767913 -0.058557
  0.781042 -0.055677
  0.793893 -0.052809
  0.806454 -0.049961
  0.818712 -0.047138
  0.830656 -0.044346
  0.842274 -0.041590
  0.853553 -0.038877
  0.864484 -0.036211
  0.875056 -0.033600
  0.885257 -0.031047
  0.895078 -0.028559
  0.904508 -0.026142
  0.913540 -0.023801
  0.922164 -0.021541
  0.930371 -0.019367
  0.938153 -0.017286
  0.945503 -0.015302
  0.952414 -0.013419
  0.958877 -0.011644
  0.964888 -0.009980
  0.970440 -0.008431
  0.975528 -0.007003
  0.980147 -0.005698
  0.984292 -0.004520
  0.987958 -0.003473
  0.991144 -0.002560
  0.993844 -0.001782
  0.996057 -0.001143
  0.997781 -0.000644
  0.999013 -0.000287
  0.999753 -0.000072
  1.000000  0.000000