 ---------------------------------------------------------------
 Surface and Strip Forces by surface

  Forces referred to Sref, Cref, Bref about Xref, Yref, Zref
 Standard axis orientation,  X fwd, Z down         

  Surface # 1     Wing                                    
     # Chordwise = 12   # Spanwise = 50     First strip =  1
     Surface area =  213.876495       Ave. chord =    7.023858
     CLsurf  =   0.52419     Clsurf  =  -0.10668
     CYsurf  =   0.04170     Cmsurf  =  -0.64133
     CDsurf  =   0.01912     Cnsurf  =  -0.03709
     CDisurf =   0.01912     CDvsurf =   0.00000

  Forces referred to Ssurf, Cave about hinge axis thru LE
     CLsurf  =   1.04850     CDsurf  =   0.03824
     Deflect =

 Strip Forces referred to Strip Area, Chord
    j      Yle    Chord     Area     c cl      ai      cl_norm  cl       cd       cdv    cm_c/4    cm_LE  C.P.x/c
     1   0.4783  12.0636  11.5383   9.4449   0.0703   1.0466   0.7756   0.1250   0.0000  -0.0427  -0.1952    0.305
     2   1.4344  11.7369  11.2147   9.4770   0.0812   1.0893   0.8071   0.0995   0.0000  -0.0309  -0.1906    0.288
     3   2.3891  11.4106  10.8815   9.4954   0.0868   1.1273   0.8353   0.0883   0.0000  -0.0225  -0.1888    0.277
     4   3.3414  11.0852  10.5398   9.4939   0.0900   1.1639   0.8624   0.0799   0.0000  -0.0167  -0.1890    0.269
     5   4.2904  10.7609  10.1909   9.4712   0.0916   1.1995   0.8888   0.0719   0.0000  -0.0125  -0.1905    0.264
     6   5.2352  10.4381   9.8361   9.4276   0.0922   1.2337   0.9142   0.0652   0.0000  -0.0095  -0.1927    0.260
     7   6.1749  10.1170   9.4766   9.3639   0.0920   1.2672   0.9390   0.0580   0.0000  -0.0073  -0.1955    0.258
     8   7.1084   9.7980   9.1136   9.2814   0.0913   1.2979   0.9617   0.0567   0.0000  -0.0057  -0.1986    0.256
     9   8.0349   9.4814   8.7482   9.1815   0.0902   1.3300   0.9855   0.0483   0.0000  -0.0045  -0.2020    0.255
    10   8.9535   9.1675   8.3817   9.0654   0.0888   1.3599   1.0077   0.0439   0.0000  -0.0036  -0.2055    0.254
    11   9.8633   8.8566   8.0153   8.9346   0.0872   1.3885   1.0289   0.0412   0.0000  -0.0030  -0.2090    0.253
    12  10.7633   8.5491   7.6499   8.7904   0.0854   1.4164   1.0496   0.0386   0.0000  -0.0025  -0.2126    0.252
    13  11.6527   8.2452   7.2868   8.6340   0.0834   1.4442   1.0701   0.0342   0.0000  -0.0021  -0.2161    0.252
    14  12.5306   7.9452   6.9268   8.4667   0.0814   1.4705   1.0897   0.0321   0.0000  -0.0018  -0.2197    0.252
    15  13.3961   7.6494   6.5711   8.2896   0.0793   1.4976   1.1097   0.0263   0.0000  -0.0016  -0.2232    0.251
    16  14.2485   7.3582   6.2205   8.1038   0.0771   1.5235   1.1289   0.0222   0.0000  -0.0014  -0.2266    0.251
    17  15.0867   7.0718   5.8760   7.9103   0.0750   1.5479   1.1470   0.0209   0.0000  -0.0012  -0.2300    0.251
    18  15.9101   6.7904   5.5383   7.7103   0.0728   1.5731   1.1657   0.0158   0.0000  -0.0011  -0.2334    0.251
    19  16.7177   6.5144   5.2084   7.5046   0.0706   1.5978   1.1840   0.0104   0.0000  -0.0010  -0.2367    0.251
    20  17.5089   6.2441   4.8868   7.2942   0.0685   1.6206   1.2009   0.0096   0.0000  -0.0009  -0.2399    0.251
    21  18.2828   5.9796   4.5742   7.0800   0.0664   1.6437   1.2180   0.0062   0.0000  -0.0008  -0.2431    0.251
    22  19.0386   5.7213   4.2712   6.8627   0.0644   1.6668   1.2351   0.0014   0.0000  -0.0007  -0.2462    0.251
    23  19.7757   5.4695   3.9784   6.6432   0.0624   1.6890   1.2516  -0.0022   0.0000  -0.0006  -0.2492    0.250
    24  20.4932   5.2243   3.6963   6.4222   0.0606   1.7108   1.2677  -0.0061   0.0000  -0.0005  -0.2521    0.250
    25  21.1905   4.9860   3.4251   6.2005   0.0589   1.7322   1.2836  -0.0108   0.0000  -0.0004  -0.2549    0.250
    26  21.8669   4.7549   3.1653   5.9787   0.0573   1.7524   1.2985  -0.0139   0.0000  -0.0002  -0.2576    0.250
    27  22.5218   4.5311   2.9171   5.7574   0.0560   1.7726   1.3135  -0.0192   0.0000   0.0000  -0.2602    0.250
    28  23.1544   4.3150   2.6807   5.5372   0.0549   1.7911   1.3272  -0.0220   0.0000   0.0003  -0.2625    0.250
    29  23.7641   4.1066   2.4561   5.3186   0.0541   1.8091   1.3405  -0.0265   0.0000   0.0006  -0.2647    0.250
    30  24.3504   3.9063   2.2436   5.1019   0.0537   1.8252   1.3525  -0.0293   0.0000   0.0010  -0.2666    0.249
    31  24.9127   3.7142   2.0429   4.8875   0.0537   1.8406   1.3639  -0.0344   0.0000   0.0015  -0.2682    0.249
    32  25.4503   3.5304   1.8541   4.6755   0.0544   1.8527   1.3728  -0.0355   0.0000   0.0022  -0.2694    0.248
    33  25.9629   3.3553   1.6770   4.4659   0.0557   1.8631   1.3806  -0.0390   0.0000   0.0030  -0.2700    0.248
    34  26.4498   3.1889   1.5114   4.2587   0.0579   1.8707   1.3862  -0.0431   0.0000   0.0042  -0.2700    0.247
    35  26.9107   3.0314   1.3569   4.0532   0.0612   1.8741   1.3887  -0.0467   0.0000   0.0057  -0.2691    0.246
    36  27.3449   2.8830   1.2133   3.8487   0.0657   1.8727   1.3877  -0.0513   0.0000   0.0078  -0.2670    0.244
    37  27.7522   2.7438   1.0801   3.6442   0.0716   1.8636   1.3809  -0.0525   0.0000   0.0104  -0.2634    0.242
    38  28.1321   2.6140   0.9569   3.4378   0.0791   1.8464   1.3682  -0.0550   0.0000   0.0140  -0.2578    0.240
    39  28.4843   2.4937   0.8432   3.2277   0.0883   1.8185   1.3476  -0.0582   0.0000   0.0186  -0.2498    0.236
    40  28.8083   2.3830   0.7384   3.0111   0.0990   1.7768   1.3166  -0.0612   0.0000   0.0245  -0.2386    0.231
    41  29.1039   2.2820   0.6419   2.7854   0.1109   1.7182   1.2732  -0.0645   0.0000   0.0318  -0.2239    0.225
    42  29.3708   2.1908   0.5530   2.5479   0.1233   1.6391   1.2146  -0.0674   0.0000   0.0403  -0.2051    0.217
    43  29.6087   2.1095   0.4711   2.2964   0.1355   1.5364   1.1385  -0.0698   0.0000   0.0494  -0.1825    0.207
    44  29.8173   2.0382   0.3954   2.0297   0.1467   1.4081   1.0434  -0.0717   0.0000   0.0578  -0.1565    0.195
    45  29.9966   1.9769   0.3251   1.7478   0.1566   1.2536   0.9290  -0.0743   0.0000   0.0641  -0.1285    0.181
    46  30.1462   1.9258   0.2596   1.4515   0.1648   1.0724   0.7947  -0.0743   0.0000   0.0663  -0.1000    0.167
    47  30.2661   1.8848   0.1978   1.1428   0.1713   0.8667   0.6423  -0.0720   0.0000   0.0627  -0.0728    0.152
    48  30.3561   1.8541   0.1392   0.8239   0.1762   0.6397   0.4740  -0.0661   0.0000   0.0522  -0.0482    0.140
    49  30.4162   1.8336   0.0826   0.4974   0.1796   0.3947   0.2925  -0.0529   0.0000   0.0349  -0.0270    0.131
    50  30.4462   1.8233   0.0274   0.1664   0.1814   0.1404   0.1040  -0.0406   0.0000   0.0123  -0.0086    0.132

  Surface # 2     Wing (YDUP)                             
     # Chordwise = 12   # Spanwise = 50     First strip = 51
     Surface area =  213.876495       Ave. chord =    7.023858
     CLsurf  =   0.52421     Clsurf  =   0.10668
     CYsurf  =  -0.04174     Cmsurf  =  -0.64133
     CDsurf  =   0.01907     Cnsurf  =   0.03710
     CDisurf =   0.01907     CDvsurf =   0.00000

  Forces referred to Ssurf, Cave about hinge axis thru LE
     CLsurf  =   1.04853     CDsurf  =   0.03814
     Deflect =

 Strip Forces referred to Strip Area, Chord
    j      Yle    Chord     Area     c cl      ai      cl_norm  cl       cd       cdv    cm_c/4    cm_LE  C.P.x/c
    51  -0.4783  12.0636  11.5383   9.4449   0.0703   1.0463   0.7753   0.1259   0.0000  -0.0427   0.1952    0.305
    52  -1.4344  11.7369  11.2147   9.4770   0.0812   1.0900   0.8077   0.0972   0.0000  -0.0309   0.1906    0.288
    53  -2.3891  11.4106  10.8815   9.4954   0.0868   1.1269   0.8350   0.0896   0.0000  -0.0225   0.1888    0.277
    54  -3.3414  11.0852  10.5398   9.4939   0.0900   1.1639   0.8625   0.0797   0.0000  -0.0167   0.1890    0.269
    55  -4.2904  10.7609  10.1909   9.4712   0.0916   1.2001   0.8892   0.0702   0.0000  -0.0125   0.1905    0.264
    56  -5.2352  10.4381   9.8361   9.4276   0.0922   1.2336   0.9141   0.0657   0.0000  -0.0095   0.1927    0.260
    57  -6.1749  10.1170   9.4766   9.3639   0.0920   1.2671   0.9389   0.0584   0.0000  -0.0073   0.1955    0.258
    58  -7.1084   9.7980   9.1136   9.2814   0.0913   1.2979   0.9618   0.0565   0.0000  -0.0057   0.1986    0.256
    59  -8.0349   9.4814   8.7482   9.1815   0.0902   1.3302   0.9857   0.0474   0.0000  -0.0045   0.2020    0.255
    60  -8.9535   9.1675   8.3817   9.0654   0.0888   1.3596   1.0074   0.0450   0.0000  -0.0036   0.2055    0.254
    61  -9.8633   8.8566   8.0153   8.9346   0.0872   1.3884   1.0288   0.0417   0.0000  -0.0030   0.2090    0.253
    62 -10.7633   8.5491   7.6499   8.7904   0.0854   1.4166   1.0497   0.0381   0.0000  -0.0025   0.2126    0.252
    63 -11.6527   8.2452   7.2868   8.6340   0.0834   1.4442   1.0702   0.0342   0.0000  -0.0021   0.2161    0.252
    64 -12.5306   7.9452   6.9268   8.4667   0.0814   1.4705   1.0897   0.0321   0.0000  -0.0018   0.2197    0.252
    65 -13.3961   7.6494   6.5711   8.2896   0.0793   1.4976   1.1097   0.0262   0.0000  -0.0016   0.2232    0.251
    66 -14.2485   7.3582   6.2205   8.1038   0.0771   1.5235   1.1289   0.0222   0.0000  -0.0014   0.2266    0.251
    67 -15.0867   7.0718   5.8760   7.9103   0.0750   1.5479   1.1470   0.0209   0.0000  -0.0012   0.2300    0.251
    68 -15.9101   6.7904   5.5383   7.7103   0.0728   1.5731   1.1657   0.0157   0.0000  -0.0011   0.2334    0.251
    69 -16.7177   6.5144   5.2084   7.5046   0.0706   1.5979   1.1840   0.0103   0.0000  -0.0010   0.2367    0.251
    70 -17.5089   6.2441   4.8868   7.2942   0.0685   1.6206   1.2009   0.0095   0.0000  -0.0009   0.2399    0.251
    71 -18.2828   5.9796   4.5742   7.0800   0.0664   1.6438   1.2180   0.0061   0.0000  -0.0008   0.2431    0.251
    72 -19.0386   5.7213   4.2712   6.8627   0.0644   1.6669   1.2352   0.0013   0.0000  -0.0007   0.2462    0.251
    73 -19.7757   5.4695   3.9784   6.6432   0.0624   1.6891   1.2516  -0.0024   0.0000  -0.0006   0.2492    0.250
    74 -20.4932   5.2243   3.6963   6.4222   0.0606   1.7108   1.2677  -0.0061   0.0000  -0.0005   0.2521    0.250
    75 -21.1905   4.9860   3.4251   6.2005   0.0589   1.7322   1.2836  -0.0109   0.0000  -0.0004   0.2549    0.250
    76 -21.8669   4.7549   3.1653   5.9787   0.0573   1.7525   1.2986  -0.0141   0.0000  -0.0002   0.2576    0.250
    77 -22.5218   4.5311   2.9171   5.7574   0.0560   1.7726   1.3135  -0.0193   0.0000   0.0000   0.2602    0.250
    78 -23.1544   4.3150   2.6807   5.5372   0.0549   1.7911   1.3272  -0.0221   0.0000   0.0003   0.2625    0.250
    79 -23.7641   4.1066   2.4561   5.3186   0.0541   1.8091   1.3406  -0.0266   0.0000   0.0006   0.2647    0.250
    80 -24.3504   3.9063   2.2436   5.1019   0.0537   1.8252   1.3525  -0.0294   0.0000   0.0010   0.2666    0.249
    81 -24.9127   3.7142   2.0429   4.8875   0.0537   1.8406   1.3639  -0.0344   0.0000   0.0015   0.2682    0.249
    82 -25.4503   3.5304   1.8541   4.6755   0.0544   1.8528   1.3729  -0.0357   0.0000   0.0022   0.2694    0.248
    83 -25.9629   3.3553   1.6770   4.4659   0.0557   1.8632   1.3806  -0.0392   0.0000   0.0030   0.2700    0.248
    84 -26.4498   3.1889   1.5114   4.2587   0.0579   1.8707   1.3862  -0.0433   0.0000   0.0042   0.2700    0.247
    85 -26.9107   3.0314   1.3569   4.0532   0.0612   1.8742   1.3888  -0.0470   0.0000   0.0057   0.2691    0.246
    86 -27.3449   2.8830   1.2133   3.8487   0.0657   1.8728   1.3877  -0.0515   0.0000   0.0078   0.2670    0.244
    87 -27.7522   2.7438   1.0801   3.6442   0.0716   1.8637   1.3810  -0.0529   0.0000   0.0104   0.2634    0.242
    88 -28.1321   2.6140   0.9569   3.4378   0.0791   1.8466   1.3684  -0.0556   0.0000   0.0140   0.2578    0.240
    89 -28.4843   2.4937   0.8432   3.2277   0.0883   1.8187   1.3477  -0.0587   0.0000   0.0186   0.2498    0.236
    90 -28.8083   2.3830   0.7384   3.0111   0.0990   1.7769   1.3167  -0.0614   0.0000   0.0245   0.2386    0.231
    91 -29.1039   2.2820   0.6419   2.7854   0.1109   1.7182   1.2732  -0.0645   0.0000   0.0318   0.2239    0.225
    92 -29.3708   2.1908   0.5530   2.5479   0.1233   1.6391   1.2146  -0.0676   0.0000   0.0403   0.2051    0.217
    93 -29.6087   2.1095   0.4711   2.2964   0.1355   1.5366   1.1386  -0.0703   0.0000   0.0494   0.1825    0.207
    94 -29.8173   2.0382   0.3954   2.0297   0.1467   1.4083   1.0435  -0.0722   0.0000   0.0578   0.1565    0.195
    95 -29.9966   1.9769   0.3251   1.7478   0.1566   1.2538   0.9291  -0.0748   0.0000   0.0641   0.1285    0.181
    96 -30.1462   1.9258   0.2596   1.4515   0.1648   1.0725   0.7948  -0.0746   0.0000   0.0663   0.1000    0.167
    97 -30.2661   1.8848   0.1978   1.1428   0.1713   0.8668   0.6423  -0.0721   0.0000   0.0627   0.0728    0.152
    98 -30.3561   1.8541   0.1392   0.8239   0.1762   0.6398   0.4741  -0.0665   0.0000   0.0522   0.0482    0.140
    99 -30.4162   1.8336   0.0826   0.4974   0.1796   0.3948   0.2926  -0.0532   0.0000   0.0349   0.0270    0.131
   100 -30.4462   1.8233   0.0274   0.1664   0.1814   0.1404   0.1040  -0.0406   0.0000   0.0123   0.0086    0.132
 ---------------------------------------------------------------
