NACA 3414 Airfoil M=3.0% P=40.0% T=14.0%
  1.000000 -0.000000
  0.999757  0.000066
  0.999030  0.000265
  0.997818  0.000595
  0.996123  0.001057
  0.993947  0.001647
  0.991290  0.002365
  0.988156  0.003209
  0.984547  0.004175
  0.980467  0.005261
  0.975918  0.006464
  0.970906  0.007779
  0.965434  0.009204
  0.959507  0.010734
  0.953131  0.012365
  0.946311  0.014091
  0.939054  0.015909
  0.931366  0.017813
  0.923253  0.019797
  0.914724  0.021856
  0.905786  0.023985
  0.896447  0.026178
  0.886717  0.028429
  0.876603  0.030732
  0.866115  0.033082
  0.855263  0.035471
  0.844057  0.037895
  0.832508  0.040347
  0.820626  0.042821
  0.808423  0.045310
  0.795911  0.047810
  0.783100  0.050313
  0.770004  0.052814
  0.756635  0.055307
  0.743006  0.057785
  0.729129  0.060244
  0.715019  0.062676
  0.700689  0.065076
  0.686153  0.067438
  0.671425  0.069757
  0.656520  0.072027
  0.641452  0.074242
  0.626237  0.076396
  0.610888  0.078485
  0.595422  0.080503
  0.579854  0.082445
  0.564199  0.084305
  0.548473  0.086078
  0.532692  0.087760
  0.516871  0.089345
  0.501028  0.090830
  0.485177  0.092209
  0.469335  0.093478
  0.453518  0.094633
  0.437743  0.095670
  0.422025  0.096586
  0.406380  0.097377
  0.390697  0.098031
  0.375029  0.098508
  0.359481  0.098801
  0.344072  0.098911
  0.328817  0.098837
  0.313734  0.098579
  0.298840  0.098138
  0.284151  0.097515
  0.269684  0.096712
  0.255454  0.095731
  0.241478  0.094577
  0.227771  0.093251
  0.214348  0.091759
  0.201225  0.090104
  0.188415  0.088293
  0.175932  0.086330
  0.163791  0.084223
  0.152004  0.081976
  0.140585  0.079597
  0.129544  0.077094
  0.118894  0.074474
  0.108646  0.071745
  0.098810  0.068914
  0.089396  0.065991
  0.080414  0.062983
  0.071873  0.059898
  0.063780  0.056746
  0.056144  0.053535
  0.048970  0.050272
  0.042267  0.046967
  0.036039  0.043626
  0.030292  0.040259
  0.025031  0.036872
  0.020259  0.033472
  0.015981  0.030066
  0.012199  0.026661
  0.008916  0.023262
  0.006134  0.019873
  0.003854  0.016501
  0.002077  0.013149
  0.000804  0.009820
  0.000034  0.006518
 -0.000234  0.003244
  0.000000  0.000000
  0.000727 -0.003170
  0.001940 -0.006222
  0.003634 -0.009156
  0.005808 -0.011972
  0.008458 -0.014669
  0.011579 -0.017246
  0.015167 -0.019703
  0.019218 -0.022041
  0.023725 -0.024258
  0.028684 -0.026355
  0.034089 -0.028332
  0.039931 -0.030188
  0.046206 -0.031924
  0.052906 -0.033540
  0.060023 -0.035037
  0.067550 -0.036415
  0.075478 -0.037675
  0.083799 -0.038819
  0.092505 -0.039848
  0.101587 -0.040763
  0.111035 -0.041566
  0.120841 -0.042259
  0.130995 -0.042845
  0.141487 -0.043326
  0.152309 -0.043706
  0.163448 -0.043987
  0.174897 -0.044173
  0.186644 -0.044268
  0.198678 -0.044277
  0.210990 -0.044202
  0.223568 -0.044050
  0.236402 -0.043824
  0.249481 -0.043530
  0.262792 -0.043174
  0.276326 -0.042760
  0.290070 -0.042294
  0.304012 -0.041781
  0.318141 -0.041229
  0.332445 -0.040642
  0.346911 -0.040025
  0.361528 -0.039386
  0.376282 -0.038730
  0.391160 -0.038062
  0.406238 -0.037384
  0.421541 -0.036665
  0.436924 -0.035903
  0.452373 -0.035100
  0.467874 -0.034262
  0.483412 -0.033393
  0.498972 -0.032497
  0.514539 -0.031577
  0.530099 -0.030637
  0.545636 -0.029682
  0.561135 -0.028715
  0.576581 -0.027738
  0.591959 -0.026756
  0.607255 -0.025771
  0.622453 -0.024785
  0.637539 -0.023801
  0.652497 -0.022822
  0.667313 -0.021850
  0.681971 -0.020887
  0.696459 -0.019933
  0.710760 -0.018992
  0.724861 -0.018065
  0.738748 -0.017152
  0.752407 -0.016254
  0.765823 -0.015374
  0.778983 -0.014512
  0.791875 -0.013669
  0.804484 -0.012844
  0.816798 -0.012041
  0.828804 -0.011258
  0.840490 -0.010496
  0.851844 -0.009756
  0.862854 -0.009039
  0.873509 -0.008345
  0.883797 -0.007675
  0.893708 -0.007028
  0.903231 -0.006407
  0.912356 -0.005810
  0.921075 -0.005239
  0.929376 -0.004695
  0.937253 -0.004177
  0.944695 -0.003687
  0.951696 -0.003225
  0.958247 -0.002792
  0.964343 -0.002387
  0.969975 -0.002013
  0.975138 -0.001669
  0.979827 -0.001356
  0.984036 -0.001074
  0.987761 -0.000824
  0.990997 -0.000607
  0.993742 -0.000422
  0.995991 -0.000271
  0.997744 -0.000152
  0.998997 -0.000068
  0.999749 -0.000017
  1.000000  0.000000