0.000000000000000000e+00 0.000000000000000000e+00
2.000000000000000042e-03 1.234285714285714326e-02
5.000000000000000104e-03 1.897142857142856964e-02
1.000000000000000021e-02 2.571428571428571036e-02
2.000000000000000042e-02 3.405714285714285527e-02
2.999999999999999889e-02 3.988571428571428129e-02
4.000000000000000083e-02 4.422857142857142265e-02
5.000000000000000278e-02 4.777142857142856192e-02
5.999999999999999778e-02 5.085714285714285077e-02
7.000000000000000666e-02 5.348571428571428227e-02
8.000000000000000167e-02 5.588571428571428162e-02
8.999999999999999667e-02 5.805714285714284884e-02
1.000000000000000056e-01 5.999999999999999778e-02
1.100000000000000006e-01 6.182857142857142718e-02
1.199999999999999956e-01 6.342857142857143138e-02
1.300000000000000044e-01 6.491428571428571603e-02
1.400000000000000133e-01 6.628571428571428115e-02
1.499999999999999944e-01 6.754285714285714060e-02
1.600000000000000033e-01 6.879999999999998617e-02
1.700000000000000122e-01 6.994285714285713995e-02
1.799999999999999933e-01 7.097142857142857419e-02
1.900000000000000022e-01 7.188571428571427502e-02
2.000000000000000111e-01 7.280000000000000360e-02
2.099999999999999922e-01 7.359999999999999876e-02
2.200000000000000011e-01 7.440000000000000779e-02
2.300000000000000100e-01 7.508571428571426953e-02
2.399999999999999911e-01 7.577142857142855903e-02
2.500000000000000000e-01 7.634285714285714286e-02
2.600000000000000089e-01 7.691428571428571281e-02
2.700000000000000178e-01 7.748571428571428277e-02
2.800000000000000266e-01 7.794285714285713318e-02
2.899999999999999800e-01 7.839999999999998359e-02
2.999999999999999889e-01 7.874285714285714222e-02
3.099999999999999978e-01 7.908571428571427309e-02
3.200000000000000067e-01 7.931428571428571217e-02
3.300000000000000155e-01 7.954285714285713738e-02
3.400000000000000244e-01 7.977142857142856258e-02
3.499999999999999778e-01 7.988571428571428212e-02
3.599999999999999867e-01 8.000000000000000167e-02
3.699999999999999956e-01 8.011428571428570733e-02
3.800000000000000044e-01 8.011428571428570733e-02
3.900000000000000133e-01 8.011428571428570733e-02
4.000000000000000222e-01 8.011428571428570733e-02
4.099999999999999756e-01 8.000000000000000167e-02
4.199999999999999845e-01 7.988571428571428212e-02
4.299999999999999933e-01 7.977142857142856258e-02
4.400000000000000022e-01 7.954285714285713738e-02
4.500000000000000111e-01 7.931428571428571217e-02
4.600000000000000200e-01 7.908571428571427309e-02
4.699999999999999734e-01 7.885714285714286176e-02
4.799999999999999822e-01 7.851428571428570313e-02
4.899999999999999911e-01 7.817142857142857226e-02
5.000000000000000000e-01 7.782857142857141364e-02
5.100000000000000089e-01 7.737142857142856323e-02
5.200000000000000178e-01 7.691428571428571281e-02
5.300000000000000266e-01 7.645714285714284852e-02
5.400000000000000355e-01 7.588571428571427857e-02
5.500000000000000444e-01 7.531428571428570862e-02
5.600000000000000533e-01 7.462857142857141912e-02
5.699999999999999512e-01 7.394285714285712963e-02
5.799999999999999600e-01 7.314285714285713447e-02
5.899999999999999689e-01 7.234285714285713931e-02
5.999999999999999778e-01 7.154285714285714415e-02
6.099999999999999867e-01 7.062857142857142945e-02
6.199999999999999956e-01 6.971428571428571475e-02
6.300000000000000044e-01 6.868571428571428050e-02
6.400000000000000133e-01 6.754285714285714060e-02
6.500000000000000222e-01 6.640000000000000069e-02
6.600000000000000311e-01 6.514285714285714124e-02
6.700000000000000400e-01 6.388571428571428179e-02
6.800000000000000488e-01 6.251428571428570280e-02
6.899999999999999467e-01 6.114285714285713769e-02
6.999999999999999556e-01 5.965714285714285997e-02
7.099999999999999645e-01 5.817142857142856838e-02
7.199999999999999734e-01 5.657142857142857112e-02
7.299999999999999822e-01 5.497142857142856692e-02
7.399999999999999911e-01 5.325714285714285706e-02
7.500000000000000000e-01 5.154285714285714026e-02
7.600000000000000089e-01 4.982857142857142346e-02
7.700000000000000178e-01 4.800000000000000100e-02
7.800000000000000266e-01 4.617142857142856466e-02
7.900000000000000355e-01 4.422857142857142265e-02
8.000000000000000444e-01 4.228571428571428065e-02
8.100000000000000533e-01 4.022857142857142604e-02
8.199999999999999512e-01 3.817142857142857143e-02
8.299999999999999600e-01 3.611428571428571682e-02
8.399999999999999689e-01 3.394285714285714267e-02
8.499999999999999778e-01 3.177142857142856852e-02
8.599999999999999867e-01 2.948571428571428524e-02
8.699999999999999956e-01 2.720000000000000195e-02
8.800000000000000044e-01 2.491428571428571173e-02
8.900000000000000133e-01 2.251428571428571238e-02
9.000000000000000222e-01 2.011428571428571302e-02
9.100000000000000311e-01 1.760000000000000106e-02
9.200000000000000400e-01 1.508571428571428563e-02
9.300000000000000488e-01 1.245714285714285587e-02
9.399999999999999467e-01 9.828571428571427834e-03
9.499999999999999556e-01 7.085714285714285465e-03
9.599999999999999645e-01 4.342857142857142229e-03
9.699999999999999734e-01 1.485714285714285522e-03
9.799999999999999822e-01 -1.485714285714285522e-03
9.899999999999999911e-01 -4.457142857142856567e-03
1.000000000000000000e+00 -7.542857142857142816e-03
0.000000000000000000e+00 0.000000000000000000e+00
2.000000000000000042e-03 -1.234285714285714326e-02
5.000000000000000104e-03 -1.897142857142856964e-02
1.000000000000000021e-02 -2.571428571428571036e-02
2.000000000000000042e-02 -3.405714285714285527e-02
2.999999999999999889e-02 -3.988571428571428129e-02
4.000000000000000083e-02 -4.434285714285714219e-02
5.000000000000000278e-02 -4.788571428571428146e-02
5.999999999999999778e-02 -5.097142857142857031e-02
7.000000000000000666e-02 -5.359999999999999487e-02
8.000000000000000167e-02 -5.600000000000000117e-02
8.999999999999999667e-02 -5.817142857142856838e-02
1.000000000000000056e-01 -6.011428571428571038e-02
1.100000000000000006e-01 -6.194285714285713978e-02
1.199999999999999956e-01 -6.365714285714285658e-02
1.300000000000000044e-01 -6.514285714285714124e-02
1.400000000000000133e-01 -6.651428571428570635e-02
1.499999999999999944e-01 -6.788571428571428534e-02
1.600000000000000033e-01 -6.914285714285713091e-02
1.700000000000000122e-01 -7.028571428571428470e-02
1.799999999999999933e-01 -7.131428571428570506e-02
1.900000000000000022e-01 -7.234285714285713931e-02
2.000000000000000111e-01 -7.325714285714285401e-02
2.099999999999999922e-01 -7.405714285714284917e-02
2.200000000000000011e-01 -7.485714285714285821e-02
2.300000000000000100e-01 -7.554285714285714770e-02
2.399999999999999911e-01 -7.622857142857142332e-02
2.500000000000000000e-01 -7.679999999999999327e-02
2.600000000000000089e-01 -7.737142857142856323e-02
2.700000000000000178e-01 -7.782857142857141364e-02
2.800000000000000266e-01 -7.828571428571429180e-02
2.899999999999999800e-01 -7.862857142857142267e-02
2.999999999999999889e-01 -7.897142857142856742e-02
3.099999999999999978e-01 -7.919999999999999263e-02
3.200000000000000067e-01 -7.942857142857143171e-02
3.300000000000000155e-01 -7.965714285714285692e-02
3.400000000000000244e-01 -7.977142857142856258e-02
3.499999999999999778e-01 -7.988571428571428212e-02
3.599999999999999867e-01 -7.988571428571428212e-02
3.699999999999999956e-01 -7.977142857142856258e-02
3.800000000000000044e-01 -7.965714285714285692e-02
3.900000000000000133e-01 -7.954285714285713738e-02
4.000000000000000222e-01 -7.931428571428571217e-02
4.099999999999999756e-01 -7.908571428571427309e-02
4.199999999999999845e-01 -7.874285714285714222e-02
4.299999999999999933e-01 -7.839999999999998359e-02
4.400000000000000022e-01 -7.794285714285713318e-02
4.500000000000000111e-01 -7.737142857142856323e-02
4.600000000000000200e-01 -7.679999999999999327e-02
4.699999999999999734e-01 -7.611428571428571765e-02
4.799999999999999822e-01 -7.531428571428570862e-02
4.899999999999999911e-01 -7.440000000000000779e-02
5.000000000000000000e-01 -7.337142857142855967e-02
5.100000000000000089e-01 -7.222857142857143364e-02
5.200000000000000178e-01 -7.108571428571427986e-02
5.300000000000000266e-01 -6.982857142857142041e-02
5.400000000000000355e-01 -6.845714285714285530e-02
5.500000000000000444e-01 -6.697142857142857064e-02
5.600000000000000533e-01 -6.537142857142856645e-02
5.699999999999999512e-01 -6.365714285714285658e-02
5.799999999999999600e-01 -6.182857142857142718e-02
5.899999999999999689e-01 -5.999999999999999778e-02
5.999999999999999778e-01 -5.805714285714284884e-02
6.099999999999999867e-01 -5.611428571428570683e-02
6.199999999999999956e-01 -5.405714285714285916e-02
6.300000000000000044e-01 -5.199999999999999761e-02
6.400000000000000133e-01 -4.982857142857142346e-02
6.500000000000000222e-01 -4.765714285714285625e-02
6.600000000000000311e-01 -4.537142857142856950e-02
6.700000000000000400e-01 -4.308571428571428275e-02
6.800000000000000488e-01 -4.068571428571428339e-02
6.899999999999999467e-01 -3.839999999999999664e-02
6.999999999999999556e-01 -3.599999999999999728e-02
7.099999999999999645e-01 -3.359999999999999792e-02
7.199999999999999734e-01 -3.131428571428571117e-02
7.299999999999999822e-01 -2.891428571428571181e-02
7.399999999999999911e-01 -2.662857142857142853e-02
7.500000000000000000e-01 -2.434285714285714178e-02
7.600000000000000089e-01 -2.205714285714285849e-02
7.700000000000000178e-01 -1.988571428571428434e-02
7.800000000000000266e-01 -1.771428571428571366e-02
7.900000000000000355e-01 -1.565714285714285559e-02
8.000000000000000444e-01 -1.360000000000000098e-02
8.100000000000000533e-01 -1.165714285714285724e-02
8.199999999999999512e-01 -9.828571428571427834e-03
8.299999999999999600e-01 -8.228571428571427107e-03
8.399999999999999689e-01 -6.742857142857142452e-03
8.499999999999999778e-01 -5.371428571428571268e-03
8.599999999999999867e-01 -4.228571428571428759e-03
8.699999999999999956e-01 -3.314285714285714057e-03
8.800000000000000044e-01 -2.628571428571428465e-03
8.900000000000000133e-01 -2.171428571428571114e-03
9.000000000000000222e-01 -1.942857142857142656e-03
9.100000000000000311e-01 -1.942857142857142656e-03
9.200000000000000400e-01 -2.171428571428571114e-03
9.300000000000000488e-01 -2.742857142857142369e-03
9.399999999999999467e-01 -3.542857142857142733e-03
9.499999999999999556e-01 -4.685714285714286109e-03
9.599999999999999645e-01 -6.171428571428571631e-03
9.699999999999999734e-01 -7.885714285714285829e-03
9.799999999999999822e-01 -9.942857142857142172e-03
9.899999999999999911e-01 -1.234285714285714326e-02
1.000000000000000000e+00 -1.508571428571428563e-02
