    -15.750000      -1.199400       0.030070      -0.136500
    -15.500000      -1.195200       0.028370      -0.135400
    -15.250000      -1.189700       0.026850      -0.134100
    -15.000000      -1.182100       0.025520      -0.132600
    -14.750000      -1.173100       0.024320      -0.131100
    -14.500000      -1.163200       0.023220      -0.129500
    -14.250000      -1.152700       0.022170      -0.127800
    -14.000000      -1.145100       0.021010      -0.125800
    -13.750000      -1.134600       0.020040      -0.123800
    -13.500000      -1.122700       0.019170      -0.121800
    -13.250000      -1.109600       0.018390      -0.119900
    -13.000000      -1.095400       0.017680      -0.117900
    -12.750000      -1.081200       0.017010      -0.115900
    -12.500000      -1.066100       0.016400      -0.113800
    -12.250000      -1.051700       0.015800      -0.111600
    -12.000000      -1.037200       0.015240      -0.109300
    -11.750000      -1.025400       0.014710      -0.106500
    -11.500000      -1.017800       0.014280      -0.103000
    -11.250000      -0.998200       0.013840      -0.101600
    -11.000000      -0.976000       0.013410      -0.100500
    -10.750000      -0.953400       0.012900      -0.099600
    -10.500000      -0.928300       0.012520      -0.098800
    -10.250000      -0.902100       0.012210      -0.098100
    -10.000000      -0.875000       0.011930      -0.097400
     -9.750000      -0.847300       0.011670      -0.096900
     -9.500000      -0.819000       0.011440      -0.096400
     -9.250000      -0.790400       0.011220      -0.096000
     -9.000000      -0.762100       0.010930      -0.095700
     -8.750000      -0.733200       0.010690      -0.095400
     -8.500000      -0.703900       0.010470      -0.095100
     -8.250000      -0.674300       0.010270      -0.095000
     -8.000000      -0.644400       0.010100      -0.094800
     -7.750000      -0.614500       0.009930      -0.094700
     -7.500000      -0.584500       0.009730      -0.094700
     -7.250000      -0.554400       0.009560      -0.094600
     -7.000000      -0.524100       0.009400      -0.094600
     -6.750000      -0.493700       0.009230      -0.094700
     -6.500000      -0.463300       0.009050      -0.094800
     -6.250000      -0.432700       0.008900      -0.094900
     -6.000000      -0.402100       0.008800      -0.095000
     -5.750000      -0.371400       0.008670      -0.095100
     -5.500000      -0.340700       0.008600      -0.095200
     -5.250000      -0.310000       0.008510      -0.095400
     -5.000000      -0.279300       0.008420      -0.095500
     -4.750000      -0.248600       0.008360      -0.095600
     -4.500000      -0.217900       0.008310      -0.095700
     -4.250000      -0.187200       0.008270      -0.095900
     -4.000000      -0.156600       0.008230      -0.096000
     -3.750000      -0.126000       0.008200      -0.096100
     -3.500000      -0.095400       0.008170      -0.096200
     -3.250000      -0.064800       0.008140      -0.096400
     -3.000000      -0.034300       0.008120      -0.096500
     -2.750000      -0.003700       0.008100      -0.096600
     -2.500000       0.026800       0.008080      -0.096700
     -2.250000       0.057200       0.008070      -0.096800
     -2.000000       0.087700       0.008070      -0.097000
     -1.750000       0.118100       0.008060      -0.097100
     -1.500000       0.148500       0.008060      -0.097200
     -1.250000       0.178900       0.008060      -0.097200
     -1.000000       0.209200       0.008070      -0.097300
     -0.750000       0.239500       0.008070      -0.097400
     -0.500000       0.269800       0.008090      -0.097500
     -0.250000       0.300100       0.008100      -0.097500
      0.000000       0.330400       0.008120      -0.097600
      0.250000       0.360600       0.008140      -0.097600
      0.500000       0.390800       0.008160      -0.097600
      0.750000       0.421000       0.008190      -0.097600
      1.000000       0.451200       0.008220      -0.097600
      1.250000       0.481300       0.008260      -0.097600
      1.500000       0.511500       0.008290      -0.097500
      1.750000       0.541600       0.008340      -0.097400
      2.000000       0.571600       0.008380      -0.097400
      2.250000       0.601700       0.008430      -0.097300
      2.500000       0.631700       0.008480      -0.097100
      2.750000       0.661700       0.008540      -0.097000
      3.000000       0.691600       0.008610      -0.096800
      3.250000       0.721200       0.008700      -0.096500
      3.500000       0.750700       0.008800      -0.096200
      3.750000       0.780600       0.008880      -0.096000
      4.000000       0.810300       0.008970      -0.095700
      4.250000       0.839500       0.009100      -0.095300
      4.500000       0.868700       0.009240      -0.094900
      4.750000       0.897700       0.009400      -0.094400
      5.000000       0.926600       0.009570      -0.093800
      5.250000       0.955400       0.009750      -0.093200
      5.500000       0.984500       0.009910      -0.092700
      5.750000       1.013300       0.010100      -0.092100
      6.000000       1.042400       0.010260      -0.091400
      6.250000       1.071400       0.010430      -0.090800
      6.500000       1.100300       0.010610      -0.090100
      6.750000       1.129000       0.010820      -0.089300
      7.000000       1.157500       0.011050      -0.088500
      7.250000       1.185900       0.011280      -0.087600
      7.500000       1.214800       0.011470      -0.086800
      7.750000       1.243500       0.011680      -0.085900
      8.000000       1.272100       0.011900      -0.085000
      8.250000       1.300400       0.012150      -0.084000
      8.500000       1.328400       0.012420      -0.082900
      8.750000       1.355900       0.012740      -0.081600
      9.000000       1.383300       0.013070      -0.080400
      9.250000       1.411300       0.013340      -0.079100
      9.500000       1.439000       0.013630      -0.077800
      9.750000       1.466300       0.013950      -0.076500
     10.000000       1.493300       0.014290      -0.075000
     10.250000       1.519900       0.014670      -0.073400
     10.500000       1.545900       0.015080      -0.071700
     10.750000       1.571100       0.015540      -0.069800
     11.000000       1.595000       0.016120      -0.067800
     11.250000       1.619700       0.016590      -0.065800
     11.500000       1.643400       0.017070      -0.063600
     11.750000       1.663200       0.017580      -0.060700
     12.000000       1.682100       0.018140      -0.057700
     12.250000       1.700300       0.018770      -0.054600
     12.500000       1.717700       0.019460      -0.051500
     12.750000       1.734100       0.020230      -0.048200
     13.000000       1.749100       0.021070      -0.044900
     13.250000       1.762500       0.022010      -0.041400
     13.500000       1.774600       0.023050      -0.037900