 1 -0.011166667
 0.99 -0.006833333
 0.98 -0.002666667
 0.97 0.001333333
 0.96 0.005166667
 0.95 0.008833333
 0.94 0.0125
 0.93 0.016
 0.92 0.0195
 0.91 0.022833333
 0.9 0.026166667
 0.89 0.029333333
 0.88 0.0325
 0.87 0.0355
 0.86 0.0385
 0.85 0.041333333
 0.84 0.044166667
 0.83 0.046833333
 0.82 0.0495
 0.81 0.052166667
 0.8 0.054666667
 0.79 0.057166667
 0.78 0.0595
 0.77 0.061833333
 0.76 0.064
 0.75 0.066166667
 0.74 0.068333333
 0.73 0.070333333
 0.72 0.072333333
 0.71 0.074166667
 0.7 0.076
 0.69 0.077666667
 0.68 0.079333333
 0.67 0.081
 0.66 0.0825
 0.65 0.084
 0.64 0.085333333
 0.63 0.086666667
 0.62 0.087833333
 0.61 0.089
 0.6 0.090166667
 0.59 0.091166667
 0.58 0.092166667
 0.57 0.093
 0.56 0.093833333
 0.55 0.094666667
 0.54 0.095333333
 0.53 0.096
 0.52 0.096666667
 0.51 0.097166667
 0.5 0.097666667
 0.49 0.098166667
 0.48 0.098666667
 0.47 0.099
 0.46 0.099333333
 0.45 0.099666667
 0.44 0.099833333
 0.43 0.1
 0.42 0.100166667
 0.41 0.100333333
 0.4 0.100333333
 0.39 0.100333333
 0.38 0.100333333
 0.37 0.100333333
 0.36 0.100166667
 0.35 0.1
 0.34 0.099833333
 0.33 0.0995
 0.32 0.099166667
 0.31 0.098833333
 0.3 0.0985
 0.29 0.098
 0.28 0.0975
 0.27 0.096833333
 0.26 0.096166667
 0.25 0.0955
 0.24 0.094666667
 0.23 0.093833333
 0.22 0.092833333
 0.21 0.091833333
 0.2 0.090833333
 0.19 0.089666667
 0.18 0.0885
 0.17 0.087166667
 0.16 0.085666667
 0.15 0.084166667
 0.14 0.0825
 0.13 0.080666667
 0.12 0.078666667
 0.11 0.076666667
 0.1 0.0745
 0.09 0.072
 0.08 0.069333333
 0.07 0.066333333
 0.06 0.063
 0.05 0.059166667
 0.04 0.054833333
 0.03 0.049333333
 0.02 0.042
 0.01 0.031666667
 0.005 0.0235
 0.002 0.015333333
 0 0
 0.002 -0.015333333
 0.005 -0.0235
 0.01 -0.031666667
 0.02 -0.042
 0.03 -0.049333333
 0.04 -0.054833333
 0.05 -0.059166667
 0.06 -0.063
 0.07 -0.066333333
 0.08 -0.069333333
 0.09 -0.072
 0.1 -0.0745
 0.11 -0.076666667
 0.12 -0.078833333
 0.13 -0.080833333
 0.14 -0.082666667
 0.15 -0.084333333
 0.16 -0.085833333
 0.17 -0.087333333
 0.18 -0.088666667
 0.19 -0.09
 0.2 -0.091166667
 0.21 -0.092333333
 0.22 -0.093333333
 0.23 -0.094166667
 0.24 -0.095
 0.25 -0.095833333
 0.26 -0.0965
 0.27 -0.097166667
 0.28 -0.097666667
 0.29 -0.098166667
 0.3 -0.098666667
 0.31 -0.099
 0.32 -0.099166667
 0.33 -0.099333333
 0.34 -0.0995
 0.35 -0.099666667
 0.36 -0.099666667
 0.37 -0.099666667
 0.38 -0.099666667
 0.39 -0.0995
 0.4 -0.099333333
 0.41 -0.099
 0.42 -0.098666667
 0.43 -0.098166667
 0.44 -0.097666667
 0.45 -0.097
 0.46 -0.096333333
 0.47 -0.0955
 0.48 -0.0945
 0.49 -0.0935
 0.5 -0.092333333
 0.51 -0.091
 0.52 -0.089666667
 0.53 -0.088166667
 0.54 -0.0865
 0.55 -0.084833333
 0.56 -0.082833333
 0.57 -0.080833333
 0.58 -0.078666667
 0.59 -0.076333333
 0.6 -0.074
 0.61 -0.0715
 0.62 -0.069
 0.63 -0.066333333
 0.64 -0.063666667
 0.65 -0.060833333
 0.66 -0.058
 0.67 -0.055
 0.68 -0.052
 0.69 -0.049
 0.7 -0.046
 0.71 -0.043
 0.72 -0.04
 0.73 -0.037
 0.74 -0.034
 0.75 -0.031
 0.76 -0.028
 0.77 -0.025
 0.78 -0.022166667
 0.79 -0.0195
 0.8 -0.017
 0.81 -0.0145
 0.82 -0.012166667
 0.83 -0.01
 0.84 -0.008
 0.85 -0.006166667
 0.86 -0.004666667
 0.87 -0.0035
 0.88 -0.002666667
 0.89 -0.002
 0.9 -0.001666667
 0.91 -0.001666667
 0.92 -0.002166667
 0.93 -0.003
 0.94 -0.004166667
 0.95 -0.005833333
 0.96 -0.008
 0.97 -0.0105
 0.98 -0.0135
 0.99 -0.017
 1 -0.020833333
